834
530
247
960
285
648
435
628
610
405
359
361
990
74
113
848
106
21
231
677
301
484
128
395
688
120
48
406
437
399
344
415
480
198
272
233
428
19
281
328
464
980
370
130
244
863
311
460
747
600
304
218
115
145
658
108
32
276
560
136
807
176
629
663
60
2
991
871
547
515
695
867
47
725
175
138
260
767
632
41
656
845
208
440
939
876
652
381
364
525
657
236
87
675
79
146
442
166
420
280
999
800
714
550
625
17
634
650
403
387
932
109
369
661
430
349
910
386
213
185
986
833
266
485
453
732
451
989
58
949
790
903
741
205
43
241
738
737
51
685
956
981
463
345
490
219
187
537
171
243
91
498
317
37
466
357
478
958
274
494
857
416
148
254
609
514
866
486
10
78
913
639
820
35
81
968
908
7
504
873
717
597
711
608
321
52
898
368
83
326
69
222
335
959
245
808
666
279
813
581
967
825
107
637
237
777
229
450
278
217
506
523
323
518
159
644
114
692
964
179
638
672
931
298
519
823
535
662
18
620
68
202
354
441
830
93
169
779
879
577
365
804
429
214
371
841
522
860
70
801
448
284
773
579
210
781
864
211
689
503
473
646
184
846
151
207
339
617
152
551
472
397
422
952
182
262
289
469
346
686
997
799
673
859
640
186
616
699
676
318
496
86
313
190
880
649
734
941
651
156
660
591
973
423
372
764
681
170
250
690
759
736
555
456
215
240
330
445
700
232
461
197
631
282
892
360
329
174
180
709
791
564
585
320
944
744
502
188
987
682
404
904
76
164
814
874
194
674
98
77
238
105
402
131
342
269
477
225
24
65
54
239
206
334
769
805
928
316
957
149
84
340
819
507
836
248
706
856
73
909
850
297
606
401
520
611
356
806
310
8
865
153
623
780
80
59
286
195
53
852
327
745
568
407
643
605
775
201
99
722
189
977
811
104
31
221
72
757
574
270
308
85
489
426
352
707
697
996
375
288
227
615
731
162
598
4
915
884
123
296
62
794
654
696
536
144
492
891
500
341
25
459
592
383
235
993
739
979
782
343
897
887
273
730
796
92
728
882
353
46
454
703
226
391
275
586
635
750
497
449
191
154
554
135
702
481
305
713
181
45
111
163
376
664
158
