439
171
809
831
23
937
172
431
350
671
100
74
575
607
37
440
601
808
413
616
229
750
966
950
297
911
563
732
815
531
588
221
801
438
203
325
943
90
814
767
132
142
816
113
598
107
515
895
921
583
979
15
54
52
210
864
757
492
224
649
661
222
679
688
337
789
568
19
612
336
940
469
479
574
560
447
704
550
13
326
29
295
673
851
973
548
825
263
638
114
481
437
765
376
231
797
477
189
91
675
366
83
941
235
356
310
106
836
145
153
810
385
313
1
984
480
861
562
367
771
144
302
698
503
717
361
421
677
177
613
603
896
854
353
699
409
412
676
57
455
634
342
244
1000
827
135
72
796
554
124
573
886
992
546
225
405
659
572
953
185
152
780
858
232
665
632
999
981
631
425
460
916
175
656
174
516
870
424
25
216
803
414
505
924
16
524
525
407
461
32
740
212
48
648
321
397
821
537
674
358
754
191
156
705
446
558
382
141
594
217
468
578
70
678
296
370
21
909
426
334
660
741
951
237
143
876
983
115
227
401
718
731
689
685
871
863
8
974
56
855
748
215
20
59
962
908
6
791
694
419
804
615
576
915
375
117
379
657
299
33
776
347
566
61
476
303
47
197
312
952
486
602
482
571
957
220
837
157
733
242
842
853
645
959
823
958
202
707
188
684
708
755
139
300
693
128
544
541
147
66
187
520
933
273
832
763
12
799
46
582
332
403
749
716
747
343
396
535
186
860
881
706
626
181
180
936
919
744
454
595
429
233
151
839
176
945
251
368
391
517
150
230
260
567
323
536
880
159
519
778
925
897
293
903
752
906
761
500
964
651
351
812
570
635
140
306
859
485
307
779
420
530
885
466
338
373
488
496
298
939
807
606
452
647
980
917
892
844
833
715
742
103
317
199
672
44
692
213
847
834
932
116
726
315
739
591
710
865
269
507
514
835
287
7
824
938
784
700
120
738
523
644
58
40
257
166
34
869
304
627
490
383
540
506
758
637
170
75
605
830
158
967
666
78
18
196
50
630
491
234
285
65
442
394
329
592
585
997
354
258
201
713
518
611
133
728
504
4
926
720
97
267
43
650
552
584
478
109
444
727
450
316
17
418
770
501
360
209
989
829
622
970
646
318
729
722
884
236
904
609
879
652
71
608
719
331
28
415
590
200
364
238
499
534
629
448
410
850
160
852
123
484
105
589
435
283
599
149
788
26
905
87
134
355
564
127
