675
664
107
776
460
1783
110
1773
1286
1173
1381
1194
1999
974
574
637
1591
339
1012
2044
1488
818
744
2034
1307
1206
1748
384
1119
1188
1195
1297
1755
210
791
1627
112
2006
1964
584
77
1862
262
142
1063
1370
1732
207
1724
756
1663
32
518
1465
336
1882
523
1619
804
49
1131
1074
248
1239
383
722
1660
801
1335
404
178
432
109
70
607
187
1426
1519
1347
1729
649
212
1144
1494
1918
685
410
1506
2019
880
1180
1103
779
1892
292
1163
1587
366
536
1963
1312
361
525
449
728
1197
214
961
807
1330
1508
1385
1914
348
1264
592
1432
1235
456
1230
131
156
1974
1193
427
1717
882
970
243
1446
171
1959
1461
2038
1678
1220
1371
1401
1247
1616
18
1788
1969
333
343
814
1034
956
159
1324
379
1209
1562
1049
1936
1077
973
1865
1364
1136
190
1149
826
667
1543
773
228
1891
1403
498
122
1512
1037
188
512
1574
616
2054
879
1649
1161
1430
561
1898
211
473
740
1642
1800
1155
1905
1001
1713
1065
1458
872
173
1625
1544
514
830
1522
1709
799
346
1304
1967
114
60
1880
1995
161
1566
1556
1182
1927
2013
196
977
342
1961
1093
416
733
1728
1954
1651
2033
1442
1098
585
454
393
1310
1843
1570
1254
1502
1929
1056
1991
386
1373
372
1637
1479
1821
199
20
204
852
310
1357
1525
886
308
1340
169
709
1121
1634
1377
1686
719
170
1823
688
266
976
1043
1344
497
381
1223
352
1402
1291
1198
1930
960
226
550
735
652
784
1809
1867
5
1300
1706
606
376
8
264
707
273
58
700
290
1284
167
1337
1839
1676
1106
1086
558
1099
1459
1546
1540
1901
743
2007
2028
867
537
1928
455
1588
368
554
1533
374
332
1879
1336
1613
519
713
764
2022
445
1510
1171
1454
1715
1943
272
1615
1463
1453
1222
89
478
741
42
245
1643
175
693
1068
1489
1975
111
1881
322
1420
1692
1183
1883
820
1493
1941
1174
1492
1894
654
323
1924
1447
436
1712
808
4
10
1609
365
1849
1368
873
440
2031
250
1699
45
1550
681
1909
1205
833
355
967
921
1972
1482
811
12
306
1060
43
399
734
69
1590
133
419
78
285
247
150
1391
1828
1050
96
1179
1069
1813
103
1201
1270
67
1768
676
278
845
1581
1617
1723
690
1427
1618
781
600
1608
1045
2004
1325
1433
83
1435
1771
118
874
1244
1781
227
330
928
1612
431
1280
672
1573
1351
1261
1318
1104
215
1487
1497
137
1825
1388
1365
62
1003
155
238
1358
74
1605
704
91
1287
1526
657
1652
387
1306
216
168
1156
1053
162
106
1985
699
1697
1240
197
298
560
1722
1115
1501
123
2032
993
2045
128
535
99
1872
1346
1175
1804
1767
1721
1019
1246
469
281
317
1610
146
1707
887
299
1565
120
51
1576
2002
564
962
1399
1784
2
2047
108
1421
891
1564
1303
1027
1359
1414
1684
1599
490
1817
1429
130
911
1434
1083
85
1109
1474
265
176
1345
452
1535
1903
1604
1743
1623
17
565
954
305
1139
472
1165
1181
1797
1374
591
1793
1215
650
995
1923
1125
986
697
932
1858
1496
1288
451
876
1633
429
1224
1040
990
1292
1227
1632
1597
1601
1787
1808
1142
105
1071
1418
884
1848
80
163
1397
1190
1932
1080
653
1857
415
467
1281
1151
1085
1958
614
1583
1515
856
205
1406
56
959
116
1998
1132
1693
1350
1412
1483
2017
648
401
46
1449
1897
1202
202
1169
638
1210
1354
1289
749
1007
863
280
987
1731
1413
1582
1727
1191
1322
135
1648
730
1424
1431
1147
1204
1305
1473
1491
1560
1141
1769
1107
989
964
580
314
101
556
480
209
1299
1824
1518
1499
767
84
1129
1600
1948
328
54
1938
869
1884
1558
1234
1675
994
224
1176
582
890
1017
1885
981
500
1355
1082
1798
800
143
506
1973
1226
782
1980
115
1105
1860
1979
1010
647
19
481
335
1323
1448
915
1730
1945
913
1108
191
1152
1679
307
397
1949
1296
666
1272
1025
1833
1018
1503
1460
1580
2042
674
40
428
1534
1778
403
527
612
254
1168
1484
1698
1268
2009
119
1265
1327
1349
1689
931
1873
1253
185
1356
1811
2056
1046
742
942
1469
1552
1763
1517
632
721
1398
1376
1058
663
825
2037
1868
1407
1047
145
996
1338
1087
149
860
1970
829
448
318
859
1192
1079
1123
68
1801
1248
1133
1030
1476
2058
7
1260
1814
313
1673
1906
555
1259
1334
1094
1871
357
1661
367
180
1405
1470
736
72
1656
979
1090
1372
1423
609
1228
857
485
662
375
35
904
53
1159
1084
1876
494
1177
695
1015
1319
1456
294
1384
1041
635
186
1218
1110
1568
813
908
1890
731
1971
31
157
1603
1536
2027
1184
1237
2023
223
1396
1249
2014
1754
787
213
354
645
1789
1802
1759
1737
668
2043
1326
615
189
1500
1452
25
1329
2030
706
864
1725
1276
1760
1216
1951
334
1054
1726
269
44
1853
540
2008
1645
274
55
1006
1302
1655
608
1861
2026
910
1917
834
1805
1475
1415
1672
1859
1557
1899
1057
192
1213
1443
1078
1893
1134
1170
184
1911
660
1392
1507
1761
129
1702
1700
748
1851
1400
76
182
489
2003
241
1960
1379
1864
13
1271
1875
1317
577
303
1584
1153
1822
1137
1955
810
408
1796
312
1578
1695
181
611
836
2041
1952
710
1185
634
1889
1428
177
1990
488
1211
1947
865
1629
597
1606
219
1404
1481
790
174
1008
1791
1238
231
1140
329
345
1900
486
152
1464
236
1719
1092
296
1696
1966
1950
1410
1683
464
1976
1111
258
839
3
140
934
1977
1208
1835
1667
1666
1790
1548
1886
551
1777
1393
1513
1935
1654
871
1910
1514
1856
371
851
1691
1736
955
1639
1539
1229
815
824
1563
1657
1665
1505
2012
1511
1753
1628
1786
1611
1987
1965
1922
1052
846
1269
1913
717
899
739
1366
1523
1440
677
1316
698
1451
1005
1925
1687
628
121
1277
725
1521
999
1120
1855
1741
1148
1834
1295
240
477
1051
1127
482
1023
1915
1498
1285
841
1957
796
1217
1827
978
903
124
1061
1854
493
651
1328
1313
1186
1036
234
164
1308
59
1274
275
1770
458
340
507
475
759
1779
1419
1343
1752
850
1409
1624
673
87
22
1437
1321
639
459
220
1020
253
1048
1333
1135
400
968
347
1273
1532
1742
581
2055
1072
319
1252
235
193
1836
983
487
941
1757
1386
727
1670
1278
1282
1668
1842
1361
239
52
1032
658
1708
1735
2029
1647
117
1620
1154
726
1626
1033
289
21
369
777
468
1554
198
1097
37
848
1765
1411
1785
1088
1524
1847
724
2011
909
1214
222
1232
936
1756
1962
661
1339
613
1841
1113
1004
302
39
1594
586
1441
326
1212
1472
466
1062
1694
1772
406
1026
1589
1942
160
1944
1128
1380
1653
113
1739
390
1495
605
151
1895
1301
1981
1352
1387
1551
1117
1716
1383
